"date","sku","current_count","previous_day_count","daily_change","increased","decreased"
"20240502","一个月会员",3835,3886,-51,0,51
"20240502","一年会员",2977,2949,28,28,0
"20240502","两年会员",2557,2525,32,32,0
"20240502","其他活动兑换",206,214,-8,0,8
"20240502","抽奖兑换",505,485,20,20,0
"20240502","花瓣兑换",1216,1294,-78,0,78
"20240502","连续包季",15,15,0,0,0
"20240502","连续包年",60394,60426,-32,0,32
"20240502","连续包年首年",16687,16552,135,135,0
"20240502","连续包月",81152,81334,-182,0,182
"20240502","连续包月首月",1027,1047,-20,0,20
"20240503","一个月会员",3780,3835,-55,0,55
"20240503","一年会员",3001,2977,24,24,0
"20240503","两年会员",2591,2557,34,34,0
"20240503","其他活动兑换",197,206,-9,0,9
"20240503","抽奖兑换",486,505,-19,0,19
"20240503","花瓣兑换",1192,1216,-24,0,24
"20240503","连续包季",15,15,0,0,0
"20240503","连续包年",60346,60394,-48,0,48
"20240503","连续包年首年",16778,16687,91,91,0
"20240503","连续包月",80889,81152,-263,0,263
"20240503","连续包月首月",1014,1027,-13,0,13
"20240504","一个月会员",3714,3780,-66,0,66
"20240504","一年会员",3018,3001,17,17,0
"20240504","两年会员",2633,2591,42,42,0
"20240504","其他活动兑换",193,197,-4,0,4
"20240504","抽奖兑换",490,486,4,4,0
"20240504","花瓣兑换",1223,1192,31,31,0
"20240504","连续包季",15,15,0,0,0
"20240504","连续包年",60279,60346,-67,0,67
"20240504","连续包年首年",16900,16778,122,122,0
"20240504","连续包月",80792,80889,-97,0,97
"20240504","连续包月首月",997,1014,-17,0,17
"20240505","一个月会员",3696,3714,-18,0,18
"20240505","一年会员",3042,3018,24,24,0
"20240505","两年会员",2661,2633,28,28,0
"20240505","其他活动兑换",178,193,-15,0,15
"20240505","抽奖兑换",490,490,0,0,0
"20240505","花瓣兑换",1236,1223,13,13,0
"20240505","连续包季",15,15,0,0,0
"20240505","连续包年",60224,60279,-55,0,55
"20240505","连续包年首年",17036,16900,136,136,0
"20240505","连续包月",80719,80792,-73,0,73
"20240505","连续包月首月",983,997,-14,0,14
"20240506","一个月会员",3680,3696,-16,0,16
"20240506","一年会员",3043,3042,1,1,0
"20240506","两年会员",2661,2661,0,0,0
"20240506","其他活动兑换",163,178,-15,0,15
"20240506","抽奖兑换",477,490,-13,0,13
"20240506","花瓣兑换",1149,1236,-87,0,87
"20240506","连续包季",15,15,0,0,0
"20240506","连续包年",60203,60224,-21,0,21
"20240506","连续包年首年",17140,17036,104,104,0
"20240506","连续包月",80747,80719,28,28,0
"20240506","连续包月首月",977,983,-6,0,6
"20240507","一个月会员",3686,3680,6,6,0
"20240507","一年会员",3047,3043,4,4,0
"20240507","两年会员",2662,2661,1,1,0
"20240507","其他活动兑换",154,163,-9,0,9
"20240507","抽奖兑换",479,477,2,2,0
"20240507","花瓣兑换",1009,1149,-140,0,140
"20240507","连续包季",15,15,0,0,0
"20240507","连续包年",60172,60203,-31,0,31
"20240507","连续包年首年",17226,17140,86,86,0
"20240507","连续包月",80712,80747,-35,0,35
"20240507","连续包月首月",965,977,-12,0,12
"20240508","一个月会员",3702,3686,16,16,0
"20240508","一年会员",3046,3047,-1,0,1
"20240508","两年会员",2662,2662,0,0,0
"20240508","其他活动兑换",143,154,-11,0,11
"20240508","抽奖兑换",470,479,-9,0,9
"20240508","花瓣兑换",1042,1009,33,33,0
"20240508","连续包季",15,15,0,0,0
"20240508","连续包年",60146,60172,-26,0,26
"20240508","连续包年首年",17327,17226,101,101,0
"20240508","连续包月",80706,80712,-6,0,6
"20240508","连续包月首月",964,965,-1,0,1
"20240509","一个月会员",3706,3702,4,4,0
"20240509","一年会员",3049,3046,3,3,0
"20240509","两年会员",2662,2662,0,0,0
"20240509","其他活动兑换",133,143,-10,0,10
"20240509","抽奖兑换",479,470,9,9,0
"20240509","花瓣兑换",1035,1042,-7,0,7
"20240509","连续包季",15,15,0,0,0
"20240509","连续包年",60116,60146,-30,0,30
"20240509","连续包年首年",17436,17327,109,109,0
"20240509","连续包月",80696,80706,-10,0,10
"20240509","连续包月首月",955,964,-9,0,9
"20240510","一个月会员",3693,3706,-13,0,13
"20240510","一年会员",3046,3049,-3,0,3
"20240510","两年会员",2662,2662,0,0,0
"20240510","其他活动兑换",120,133,-13,0,13
"20240510","抽奖兑换",481,479,2,2,0
"20240510","花瓣兑换",1062,1035,27,27,0
"20240510","连续包季",19,15,4,4,0
"20240510","连续包年",60105,60116,-11,0,11
"20240510","连续包年首年",17531,17436,95,95,0
"20240510","连续包月",80709,80696,13,13,0
"20240510","连续包月首月",951,955,-4,0,4
"20240511","一个月会员",3749,3693,56,56,0
"20240511","一年会员",3045,3046,-1,0,1
"20240511","两年会员",2662,2662,0,0,0
"20240511","其他活动兑换",117,120,-3,0,3
"20240511","抽奖兑换",484,481,3,3,0
"20240511","花瓣兑换",1169,1062,107,107,0
"20240511","连续包季",93,19,74,74,0
"20240511","连续包年",60066,60105,-39,0,39
"20240511","连续包年首年",17690,17531,159,159,0
"20240511","连续包月",80650,80709,-59,0,59
"20240511","连续包月首月",946,951,-5,0,5
"20240512","一个月会员",3836,3749,87,87,0
"20240512","一年会员",3042,3045,-3,0,3
"20240512","两年会员",2663,2662,1,1,0
"20240512","其他活动兑换",114,117,-3,0,3
"20240512","抽奖兑换",485,484,1,1,0
"20240512","花瓣兑换",1225,1169,56,56,0
"20240512","连续包季",158,93,65,65,0
"20240512","连续包年",60025,60066,-41,0,41
"20240512","连续包年首年",17814,17690,124,124,0
"20240512","连续包月",80561,80650,-89,0,89
"20240512","连续包月首月",938,946,-8,0,8
"20240513","一个月会员",3854,3836,18,18,0
"20240513","一年会员",3040,3042,-2,0,2
"20240513","两年会员",2663,2663,0,0,0
"20240513","其他活动兑换",114,114,0,0,0
"20240513","抽奖兑换",492,485,7,7,0
"20240513","花瓣兑换",1170,1225,-55,0,55
"20240513","连续包季",206,158,48,48,0
"20240513","连续包年",59987,60025,-38,0,38
"20240513","连续包年首年",17939,17814,125,125,0
"20240513","连续包月",80324,80561,-237,0,237
"20240513","连续包月首月",933,938,-5,0,5
"20240514","一个月会员",3877,3854,23,23,0
"20240514","一年会员",3042,3040,2,2,0
"20240514","两年会员",2663,2663,0,0,0
"20240514","其他活动兑换",115,114,1,1,0
"20240514","抽奖兑换",476,492,-16,0,16
"20240514","花瓣兑换",1070,1170,-100,0,100
"20240514","连续包季",263,206,57,57,0
"20240514","连续包年",59941,59987,-46,0,46
"20240514","连续包年首年",18064,17939,125,125,0
"20240514","连续包月",80022,80324,-302,0,302
"20240514","连续包月首月",929,933,-4,0,4
"20240515","一个月会员",3877,3877,0,0,0
"20240515","一年会员",3042,3042,0,0,0
"20240515","两年会员",2663,2663,0,0,0
"20240515","其他活动兑换",115,115,0,0,0
"20240515","抽奖兑换",475,476,-1,0,1
"20240515","花瓣兑换",1032,1070,-38,0,38
"20240515","连续包季",322,263,59,59,0
"20240515","连续包年",59900,59941,-41,0,41
"20240515","连续包年首年",18165,18064,101,101,0
"20240515","连续包月",79816,80022,-206,0,206
"20240515","连续包月首月",925,929,-4,0,4
"20240516","一个月会员",3904,3877,27,27,0
"20240516","一年会员",3039,3042,-3,0,3
"20240516","两年会员",2663,2663,0,0,0
"20240516","其他活动兑换",115,115,0,0,0
"20240516","抽奖兑换",473,475,-2,0,2
"20240516","花瓣兑换",1046,1032,14,14,0
"20240516","连续包季",370,322,48,48,0
"20240516","连续包年",59865,59900,-35,0,35
"20240516","连续包年首年",18271,18165,106,106,0
"20240516","连续包月",79587,79816,-229,0,229
"20240516","连续包月首月",917,925,-8,0,8
"20240517","一个月会员",3925,3904,21,21,0
"20240517","一年会员",3029,3039,-10,0,10
"20240517","两年会员",2663,2663,0,0,0
"20240517","其他活动兑换",115,115,0,0,0
"20240517","抽奖兑换",479,473,6,6,0
"20240517","花瓣兑换",1054,1046,8,8,0
"20240517","连续包季",427,370,57,57,0
"20240517","连续包年",59833,59865,-32,0,32
"20240517","连续包年首年",18384,18271,113,113,0
"20240517","连续包月",79333,79587,-254,0,254
"20240517","连续包月首月",909,917,-8,0,8
"20240518","一个月会员",3953,3925,28,28,0
"20240518","一年会员",3028,3029,-1,0,1
"20240518","两年会员",2663,2663,0,0,0
"20240518","其他活动兑换",119,115,4,4,0
"20240518","抽奖兑换",487,479,8,8,0
"20240518","花瓣兑换",1047,1054,-7,0,7
"20240518","连续包季",484,427,57,57,0
"20240518","连续包年",59788,59833,-45,0,45
"20240518","连续包年首年",18508,18384,124,124,0
"20240518","连续包月",79059,79333,-274,0,274
"20240518","连续包月首月",900,909,-9,0,9
"20240519","一个月会员",3999,3953,46,46,0
"20240519","一年会员",3028,3028,0,0,0
"20240519","两年会员",2663,2663,0,0,0
"20240519","其他活动兑换",117,119,-2,0,2
"20240519","抽奖兑换",483,487,-4,0,4
"20240519","花瓣兑换",1103,1047,56,56,0
"20240519","连续包季",541,484,57,57,0
"20240519","连续包年",59745,59788,-43,0,43
"20240519","连续包年首年",18606,18508,98,98,0
"20240519","连续包月",78794,79059,-265,0,265
"20240519","连续包月首月",891,900,-9,0,9
"20240520","一个月会员",4018,3999,19,19,0
"20240520","一年会员",3032,3028,4,4,0
"20240520","两年会员",2663,2663,0,0,0
"20240520","其他活动兑换",114,117,-3,0,3
"20240520","抽奖兑换",486,483,3,3,0
"20240520","花瓣兑换",1184,1103,81,81,0
"20240520","连续包季",611,541,70,70,0
"20240520","连续包年",59725,59745,-20,0,20
"20240520","连续包年首年",18737,18606,131,131,0
"20240520","连续包月",78618,78794,-176,0,176
"20240520","连续包月首月",886,891,-5,0,5
"20240521","一个月会员",4051,4018,33,33,0
"20240521","一年会员",3034,3032,2,2,0
"20240521","两年会员",2663,2663,0,0,0
"20240521","其他活动兑换",115,114,1,1,0
"20240521","抽奖兑换",479,486,-7,0,7
"20240521","花瓣兑换",1149,1184,-35,0,35
"20240521","连续包季",659,611,48,48,0
"20240521","连续包年",59711,59725,-14,0,14
"20240521","连续包年首年",18848,18737,111,111,0
"20240521","连续包月",78286,78618,-332,0,332
"20240521","连续包月首月",879,886,-7,0,7
"20240522","一个月会员",4074,4051,23,23,0
"20240522","一年会员",3033,3034,-1,0,1
"20240522","两年会员",2663,2663,0,0,0
"20240522","其他活动兑换",116,115,1,1,0
"20240522","抽奖兑换",480,479,1,1,0
"20240522","花瓣兑换",1050,1149,-99,0,99
"20240522","连续包季",711,659,52,52,0
"20240522","连续包年",59677,59711,-34,0,34
"20240522","连续包年首年",18942,18848,94,94,0
"20240522","连续包月",78055,78286,-231,0,231
"20240522","连续包月首月",870,879,-9,0,9
"20240523","一个月会员",4092,4074,18,18,0
"20240523","一年会员",3032,3033,-1,0,1
"20240523","两年会员",2663,2663,0,0,0
"20240523","其他活动兑换",115,116,-1,0,1
"20240523","抽奖兑换",489,480,9,9,0
"20240523","花瓣兑换",1036,1050,-14,0,14
"20240523","连续包季",782,711,71,71,0
"20240523","连续包年",59660,59677,-17,0,17
"20240523","连续包年首年",19045,18942,103,103,0
"20240523","连续包月",77877,78055,-178,0,178
"20240523","连续包月首月",861,870,-9,0,9
"20240524","一个月会员",4098,4092,6,6,0
"20240524","一年会员",3029,3032,-3,0,3
"20240524","两年会员",2663,2663,0,0,0
"20240524","其他活动兑换",115,115,0,0,0
"20240524","抽奖兑换",504,489,15,15,0
"20240524","花瓣兑换",1075,1036,39,39,0
"20240524","连续包季",845,782,63,63,0
"20240524","连续包年",59649,59660,-11,0,11
"20240524","连续包年首年",19144,19045,99,99,0
"20240524","连续包月",77667,77877,-210,0,210
"20240524","连续包月首月",854,861,-7,0,7
"20240525","一个月会员",4136,4098,38,38,0
"20240525","一年会员",3025,3029,-4,0,4
"20240525","两年会员",2663,2663,0,0,0
"20240525","其他活动兑换",115,115,0,0,0
"20240525","抽奖兑换",517,504,13,13,0
"20240525","花瓣兑换",1093,1075,18,18,0
"20240525","连续包季",884,845,39,39,0
"20240525","连续包年",59612,59649,-37,0,37
"20240525","连续包年首年",19228,19144,84,84,0
"20240525","连续包月",77324,77667,-343,0,343
"20240525","连续包月首月",841,854,-13,0,13
"20240526","一个月会员",4166,4136,30,30,0
"20240526","一年会员",3002,3025,-23,0,23
"20240526","两年会员",2663,2663,0,0,0
"20240526","其他活动兑换",116,115,1,1,0
"20240526","抽奖兑换",507,517,-10,0,10
"20240526","花瓣兑换",1115,1093,22,22,0
"20240526","连续包季",939,884,55,55,0
"20240526","连续包年",59628,59612,16,16,0
"20240526","连续包年首年",19298,19228,70,70,0
"20240526","连续包月",77028,77324,-296,0,296
"20240526","连续包月首月",835,841,-6,0,6
"20240527","1个月会员",327,"\N","\N",0,0
"20240527","1年会员",11,"\N","\N",0,0
"20240527","一个月会员",3889,4166,-277,0,277
"20240527","一年会员",2978,3002,-24,0,24
"20240527","两年会员",2663,2663,0,0,0
"20240527","其他活动兑换",117,116,1,1,0
"20240527","抽奖兑换",509,507,2,2,0
"20240527","花瓣兑换",1112,1115,-3,0,3
"20240527","连续包季",993,939,54,54,0
"20240527","连续包年",59873,59628,245,245,0
"20240527","连续包年首年",19111,19298,-187,0,187
"20240527","连续包月",76763,77028,-265,0,265
"20240527","连续包月首月",830,835,-5,0,5
"20240528","1个月会员",511,327,184,184,0
"20240528","1年会员",15,11,4,4,0
"20240528","一个月会员",3761,3889,-128,0,128
"20240528","一年会员",2952,2978,-26,0,26
"20240528","两年会员",2663,2663,0,0,0
"20240528","其他活动兑换",119,117,2,2,0
"20240528","抽奖兑换",513,509,4,4,0
"20240528","花瓣兑换",1067,1112,-45,0,45
"20240528","连续包季",1091,993,98,98,0
"20240528","连续包年",60064,59873,191,191,0
"20240528","连续包年首年",18996,19111,-115,0,115
"20240528","连续包月",76266,76763,-497,0,497
"20240528","连续包月首月",821,830,-9,0,9
"20240529","1个月会员",689,511,178,178,0
"20240529","1年会员",31,15,16,16,0
"20240529","2年会员",17,"\N","\N",0,0
"20240529","一个月会员",3622,3761,-139,0,139
"20240529","一年会员",2930,2952,-22,0,22
"20240529","两年会员",2663,2663,0,0,0
"20240529","其他活动兑换",120,119,1,1,0
"20240529","抽奖兑换",501,513,-12,0,12
"20240529","花瓣兑换",1046,1067,-21,0,21
"20240529","连续包季",1200,1091,109,109,0
"20240529","连续包年",60243,60064,179,179,0
"20240529","连续包年首年",18886,18996,-110,0,110
"20240529","连续包月",75963,76266,-303,0,303
"20240529","连续包月首月",810,821,-11,0,11
"20240530","1个月会员",924,689,235,235,0
"20240530","1年会员",50,31,19,19,0
"20240530","2年会员",48,17,31,31,0
"20240530","一个月会员",3502,3622,-120,0,120
"20240530","一年会员",2910,2930,-20,0,20
"20240530","两年会员",2663,2663,0,0,0
"20240530","其他活动兑换",121,120,1,1,0
"20240530","抽奖兑换",509,501,8,8,0
"20240530","花瓣兑换",1085,1046,39,39,0
"20240530","连续包季",1340,1200,140,140,0
"20240530","连续包年",60427,60243,184,184,0
"20240530","连续包年首年",18758,18886,-128,0,128
"20240530","连续包月",75603,75963,-360,0,360
"20240530","连续包月首月",804,810,-6,0,6
"20240531","1个月会员",1320,924,396,396,0
"20240531","1年会员",85,50,35,35,0
"20240531","2年会员",120,48,72,72,0
"20240531","一个月会员",3424,3502,-78,0,78
"20240531","一年会员",2874,2910,-36,0,36
"20240531","两年会员",2663,2663,0,0,0
"20240531","其他活动兑换",123,121,2,2,0
"20240531","抽奖兑换",502,509,-7,0,7
"20240531","花瓣兑换",1203,1085,118,118,0
"20240531","连续包季",1543,1340,203,203,0
"20240531","连续包年",60631,60427,204,204,0
"20240531","连续包年首年",18606,18758,-152,0,152
"20240531","连续包月",75474,75603,-129,0,129
"20240531","连续包月首月",797,804,-7,0,7
"20240601","1个月会员",1653,1320,333,333,0
"20240601","1年会员",124,85,39,39,0
"20240601","2年会员",198,120,78,78,0
"20240601","一个月会员",3323,3424,-101,0,101
"20240601","一年会员",2813,2874,-61,0,61
"20240601","两年会员",2663,2663,0,0,0
"20240601","其他活动兑换",128,123,5,5,0
"20240601","抽奖兑换",491,502,-11,0,11
"20240601","花瓣兑换",1320,1203,117,117,0
"20240601","连续包季",1757,1543,214,214,0
"20240601","连续包年",60881,60631,250,250,0
"20240601","连续包年首年",18398,18606,-208,0,208
"20240601","连续包月",75138,75474,-336,0,336
"20240601","连续包月首月",793,797,-4,0,4
"20240602","1个月会员",1838,1653,185,185,0
"20240602","1年会员",152,124,28,28,0
"20240602","2年会员",262,198,64,64,0
"20240602","一个月会员",3224,3323,-99,0,99
"20240602","一年会员",2789,2813,-24,0,24
"20240602","两年会员",2663,2663,0,0,0
"20240602","其他活动兑换",129,128,1,1,0
"20240602","抽奖兑换",491,491,0,0,0
"20240602","花瓣兑换",1259,1320,-61,0,61
"20240602","连续包季",1859,1757,102,102,0
"20240602","连续包年",61032,60881,151,151,0
"20240602","连续包年首年",18243,18398,-155,0,155
"20240602","连续包月",74811,75138,-327,0,327
"20240602","连续包月首月",788,793,-5,0,5
"20240603","1个月会员",2021,1838,183,183,0
"20240603","1年会员",167,152,15,15,0
"20240603","2年会员",311,262,49,49,0
"20240603","一个月会员",3158,3224,-66,0,66
"20240603","一年会员",2786,2789,-3,0,3
"20240603","两年会员",2663,2663,0,0,0
"20240603","其他活动兑换",128,129,-1,0,1
"20240603","抽奖兑换",491,491,0,0,0
"20240603","花瓣兑换",1158,1259,-101,0,101
"20240603","连续包季",1990,1859,131,131,0
"20240603","连续包年",61120,61032,88,88,0
"20240603","连续包年首年",18243,18243,0,0,0
"20240603","连续包月",74509,74811,-302,0,302
"20240603","连续包月首月",780,788,-8,0,8
"20240604","1个月会员",2183,2021,162,162,0
"20240604","1年会员",171,167,4,4,0
"20240604","2年会员",311,311,0,0,0
"20240604","一个月会员",3079,3158,-79,0,79
"20240604","一年会员",2779,2786,-7,0,7
"20240604","两年会员",2663,2663,0,0,0
"20240604","其他活动兑换",127,128,-1,0,1
"20240604","抽奖兑换",481,491,-10,0,10
"20240604","花瓣兑换",1112,1158,-46,0,46
"20240604","连续包季",2130,1990,140,140,0
"20240604","连续包年",61170,61120,50,50,0
"20240604","连续包年首年",18243,18243,0,0,0
"20240604","连续包月",74217,74509,-292,0,292
"20240604","连续包月首月",771,780,-9,0,9
"20240605","1个月会员",2347,2183,164,164,0
"20240605","1年会员",176,171,5,5,0
"20240605","2年会员",311,311,0,0,0
"20240605","一个月会员",3007,3079,-72,0,72
"20240605","一年会员",2775,2779,-4,0,4
"20240605","两年会员",2663,2663,0,0,0
"20240605","其他活动兑换",126,127,-1,0,1
"20240605","抽奖兑换",489,481,8,8,0
"20240605","花瓣兑换",1087,1112,-25,0,25
"20240605","连续包季",2266,2130,136,136,0
"20240605","连续包年",61252,61170,82,82,0
"20240605","连续包年首年",18243,18243,0,0,0
"20240605","连续包月",73845,74217,-372,0,372
"20240605","连续包月首月",762,771,-9,0,9
"20240606","1个月会员",2502,2347,155,155,0
"20240606","1年会员",183,176,7,7,0
"20240606","2年会员",311,311,0,0,0
"20240606","一个月会员",2898,3007,-109,0,109
"20240606","一年会员",2770,2775,-5,0,5
"20240606","两年会员",2663,2663,0,0,0
"20240606","其他活动兑换",128,126,2,2,0
"20240606","抽奖兑换",486,489,-3,0,3
"20240606","花瓣兑换",1100,1087,13,13,0
"20240606","连续包季",2422,2266,156,156,0
"20240606","连续包年",61277,61252,25,25,0
"20240606","连续包年首年",18243,18243,0,0,0
"20240606","连续包月",73424,73845,-421,0,421
"20240606","连续包月首月",756,762,-6,0,6
"20240607","1个月会员",2661,2502,159,159,0
"20240607","1年会员",192,183,9,9,0
"20240607","2年会员",311,311,0,0,0
"20240607","一个月会员",2792,2898,-106,0,106
"20240607","一年会员",2763,2770,-7,0,7
"20240607","两年会员",2663,2663,0,0,0
"20240607","其他活动兑换",128,128,0,0,0
"20240607","抽奖兑换",511,486,25,25,0
"20240607","花瓣兑换",1124,1100,24,24,0
"20240607","连续包季",2557,2422,135,135,0
"20240607","连续包年",61341,61277,64,64,0
"20240607","连续包年首年",18243,18243,0,0,0
"20240607","连续包月",73074,73424,-350,0,350
"20240607","连续包月首月",743,756,-13,0,13
"20240608","1个月会员",2809,2661,148,148,0
"20240608","1年会员",201,192,9,9,0
"20240608","2年会员",311,311,0,0,0
"20240608","一个月会员",2674,2792,-118,0,118
"20240608","一年会员",2758,2763,-5,0,5
"20240608","两年会员",2663,2663,0,0,0
"20240608","其他活动兑换",127,128,-1,0,1
"20240608","抽奖兑换",511,511,0,0,0
"20240608","花瓣兑换",1091,1124,-33,0,33
"20240608","连续包季",2669,2557,112,112,0
"20240608","连续包年",61390,61341,49,49,0
"20240608","连续包年首年",18243,18243,0,0,0
"20240608","连续包月",72732,73074,-342,0,342
"20240608","连续包月首月",738,743,-5,0,5
"20240609","1个月会员",2948,2809,139,139,0
"20240609","1年会员",209,201,8,8,0
"20240609","2年会员",311,311,0,0,0
"20240609","一个月会员",2555,2674,-119,0,119
"20240609","一年会员",2753,2758,-5,0,5
"20240609","两年会员",2663,2663,0,0,0
"20240609","其他活动兑换",126,127,-1,0,1
"20240609","抽奖兑换",507,511,-4,0,4
"20240609","花瓣兑换",1080,1091,-11,0,11
"20240609","连续包季",2781,2669,112,112,0
"20240609","连续包年",61449,61390,59,59,0
"20240609","连续包年首年",18243,18243,0,0,0
"20240609","连续包月",72361,72732,-371,0,371
"20240609","连续包月首月",730,738,-8,0,8
"20240610","1个月会员",3079,2948,131,131,0
"20240610","1年会员",222,209,13,13,0
"20240610","2年会员",311,311,0,0,0
"20240610","一个月会员",2442,2555,-113,0,113
"20240610","一年会员",2748,2753,-5,0,5
"20240610","两年会员",2663,2663,0,0,0
"20240610","其他活动兑换",128,126,2,2,0
"20240610","抽奖兑换",488,507,-19,0,19
"20240610","花瓣兑换",1167,1080,87,87,0
"20240610","连续包季",2912,2781,131,131,0
"20240610","连续包年",61500,61449,51,51,0
"20240610","连续包年首年",18243,18243,0,0,0
"20240610","连续包月",72009,72361,-352,0,352
"20240610","连续包月首月",727,730,-3,0,3
"20240611","1个月会员",3198,3079,119,119,0
"20240611","1年会员",227,222,5,5,0
"20240611","2年会员",311,311,0,0,0
"20240611","一个月会员",2334,2442,-108,0,108
"20240611","一年会员",2746,2748,-2,0,2
"20240611","两年会员",2663,2663,0,0,0
"20240611","其他活动兑换",127,128,-1,0,1
"20240611","抽奖兑换",491,488,3,3,0
"20240611","花瓣兑换",1114,1167,-53,0,53
"20240611","连续包季",3011,2912,99,99,0
"20240611","连续包年",61571,61500,71,71,0
"20240611","连续包年首年",18243,18243,0,0,0
"20240611","连续包月",71599,72009,-410,0,410
"20240611","连续包月首月",720,727,-7,0,7
"20240612","1个月会员",3337,3198,139,139,0
"20240612","1年会员",234,227,7,7,0
"20240612","2年会员",311,311,0,0,0
"20240612","一个月会员",2163,2334,-171,0,171
"20240612","一年会员",2740,2746,-6,0,6
"20240612","两年会员",2663,2663,0,0,0
"20240612","其他活动兑换",128,127,1,1,0
"20240612","抽奖兑换",478,491,-13,0,13
"20240612","花瓣兑换",1073,1114,-41,0,41
"20240612","连续包季",3136,3011,125,125,0
"20240612","连续包年",61615,61571,44,44,0
"20240612","连续包年首年",18243,18243,0,0,0
"20240612","连续包月",71225,71599,-374,0,374
"20240612","连续包月首月",716,720,-4,0,4
"20240613","1个月会员",3469,3337,132,132,0
"20240613","1年会员",238,234,4,4,0
"20240613","2年会员",311,311,0,0,0
"20240613","一个月会员",1965,2163,-198,0,198
"20240613","一年会员",2736,2740,-4,0,4
"20240613","两年会员",2663,2663,0,0,0
"20240613","其他活动兑换",129,128,1,1,0
"20240613","抽奖兑换",464,478,-14,0,14
"20240613","花瓣兑换",1064,1073,-9,0,9
"20240613","连续包季",3232,3136,96,96,0
"20240613","连续包年",61654,61615,39,39,0
"20240613","连续包年首年",18243,18243,0,0,0
"20240613","连续包月",70869,71225,-356,0,356
"20240613","连续包月首月",712,716,-4,0,4
"20240614","1个月会员",3634,3469,165,165,0
"20240614","1年会员",241,238,3,3,0
"20240614","2年会员",311,311,0,0,0
"20240614","一个月会员",1822,1965,-143,0,143
"20240614","一年会员",2735,2736,-1,0,1
"20240614","两年会员",2663,2663,0,0,0
"20240614","其他活动兑换",129,129,0,0,0
"20240614","抽奖兑换",477,464,13,13,0
"20240614","花瓣兑换",1038,1064,-26,0,26
"20240614","连续包季",3315,3232,83,83,0
"20240614","连续包年",61743,61654,89,89,0
"20240614","连续包年首年",18243,18243,0,0,0
"20240614","连续包月",70621,70869,-248,0,248
"20240614","连续包月首月",710,712,-2,0,2
"20240615","1个月会员",3774,3634,140,140,0
"20240615","1年会员",246,241,5,5,0
"20240615","2年会员",311,311,0,0,0
"20240615","一个月会员",1676,1822,-146,0,146
"20240615","一年会员",2729,2735,-6,0,6
"20240615","两年会员",2663,2663,0,0,0
"20240615","其他活动兑换",127,129,-2,0,2
"20240615","抽奖兑换",497,477,20,20,0
"20240615","花瓣兑换",1051,1038,13,13,0
"20240615","连续包季",3400,3315,85,85,0
"20240615","连续包年",61788,61743,45,45,0
"20240615","连续包年首年",18243,18243,0,0,0
"20240615","连续包月",70365,70621,-256,0,256
"20240615","连续包月首月",710,710,0,0,0
"20240616","1个月会员",3953,3774,179,179,0
"20240616","1年会员",250,246,4,4,0
"20240616","2年会员",311,311,0,0,0
"20240616","一个月会员",1543,1676,-133,0,133
"20240616","一年会员",2721,2729,-8,0,8
"20240616","两年会员",2663,2663,0,0,0
"20240616","其他活动兑换",126,127,-1,0,1
"20240616","抽奖兑换",481,497,-16,0,16
"20240616","花瓣兑换",1099,1051,48,48,0
"20240616","连续包季",3484,3400,84,84,0
"20240616","连续包年",61853,61788,65,65,0
"20240616","连续包年首年",18243,18243,0,0,0
"20240616","连续包月",70117,70365,-248,0,248
"20240616","连续包月首月",708,710,-2,0,2
"20240617","1个月会员",4105,3953,152,152,0
"20240617","1年会员",255,250,5,5,0
"20240617","2年会员",311,311,0,0,0
"20240617","一个月会员",1396,1543,-147,0,147
"20240617","一年会员",2714,2721,-7,0,7
"20240617","两年会员",2663,2663,0,0,0
"20240617","其他活动兑换",128,126,2,2,0
"20240617","抽奖兑换",485,481,4,4,0
"20240617","花瓣兑换",1108,1099,9,9,0
"20240617","连续包季",3560,3484,76,76,0
"20240617","连续包年",61937,61853,84,84,0
"20240617","连续包年首年",18243,18243,0,0,0
"20240617","连续包月",69880,70117,-237,0,237
"20240617","连续包月首月",703,708,-5,0,5
"20240618","1个月会员",4252,4105,147,147,0
"20240618","1年会员",259,255,4,4,0
"20240618","2年会员",311,311,0,0,0
"20240618","一个月会员",1239,1396,-157,0,157
"20240618","一年会员",2707,2714,-7,0,7
"20240618","两年会员",2663,2663,0,0,0
"20240618","其他活动兑换",128,128,0,0,0
"20240618","抽奖兑换",478,485,-7,0,7
"20240618","花瓣兑换",1036,1108,-72,0,72
"20240618","连续包季",3646,3560,86,86,0
"20240618","连续包年",61987,61937,50,50,0
"20240618","连续包年首年",18243,18243,0,0,0
"20240618","连续包月",69629,69880,-251,0,251
"20240618","连续包月首月",703,703,0,0,0
"20240619","1个月会员",4397,4252,145,145,0
"20240619","1年会员",261,259,2,2,0
"20240619","2年会员",311,311,0,0,0
"20240619","一个月会员",1096,1239,-143,0,143
"20240619","一年会员",2701,2707,-6,0,6
"20240619","两年会员",2663,2663,0,0,0
"20240619","其他活动兑换",130,128,2,2,0
"20240619","抽奖兑换",471,478,-7,0,7
"20240619","花瓣兑换",1001,1036,-35,0,35
"20240619","连续包季",3731,3646,85,85,0
"20240619","连续包年",62065,61987,78,78,0
"20240619","连续包年首年",18243,18243,0,0,0
"20240619","连续包月",69426,69629,-203,0,203
"20240619","连续包月首月",700,703,-3,0,3
"20240620","1个月会员",4568,4397,171,171,0
"20240620","1年会员",266,261,5,5,0
"20240620","2年会员",311,311,0,0,0
"20240620","一个月会员",947,1096,-149,0,149
"20240620","一年会员",2695,2701,-6,0,6
"20240620","两年会员",2663,2663,0,0,0
"20240620","其他活动兑换",132,130,2,2,0
"20240620","抽奖兑换",483,471,12,12,0
"20240620","花瓣兑换",1021,1001,20,20,0
"20240620","连续包季",3819,3731,88,88,0
"20240620","连续包年",62143,62065,78,78,0
"20240620","连续包年首年",18243,18243,0,0,0
"20240620","连续包月",69201,69426,-225,0,225
"20240620","连续包月首月",697,700,-3,0,3
"20240621","1个月会员",4721,4568,153,153,0
"20240621","1年会员",269,266,3,3,0
"20240621","2年会员",311,311,0,0,0
"20240621","一个月会员",806,947,-141,0,141
"20240621","一年会员",2684,2695,-11,0,11
"20240621","两年会员",2663,2663,0,0,0
"20240621","其他活动兑换",133,132,1,1,0
"20240621","抽奖兑换",496,483,13,13,0
"20240621","花瓣兑换",1058,1021,37,37,0
"20240621","连续包季",3898,3819,79,79,0
"20240621","连续包年",62211,62143,68,68,0
"20240621","连续包年首年",18243,18243,0,0,0
"20240621","连续包月",68923,69201,-278,0,278
"20240621","连续包月首月",692,697,-5,0,5
"20240622","1个月会员",4869,4721,148,148,0
"20240622","1年会员",272,269,3,3,0
"20240622","2年会员",311,311,0,0,0
"20240622","一个月会员",661,806,-145,0,145
"20240622","一年会员",2678,2684,-6,0,6
"20240622","两年会员",2663,2663,0,0,0
"20240622","其他活动兑换",134,133,1,1,0
"20240622","抽奖兑换",486,496,-10,0,10
"20240622","花瓣兑换",1079,1058,21,21,0
"20240622","连续包季",3965,3898,67,67,0
"20240622","连续包年",62278,62211,67,67,0
"20240622","连续包年首年",18243,18243,0,0,0
"20240622","连续包月",68688,68923,-235,0,235
"20240622","连续包月首月",690,692,-2,0,2
"20240623","1个月会员",5004,4869,135,135,0
"20240623","1年会员",276,272,4,4,0
"20240623","2年会员",311,311,0,0,0
"20240623","一个月会员",524,661,-137,0,137
"20240623","一年会员",2671,2678,-7,0,7
"20240623","两年会员",2663,2663,0,0,0
"20240623","其他活动兑换",133,134,-1,0,1
"20240623","抽奖兑换",500,486,14,14,0
"20240623","花瓣兑换",1056,1079,-23,0,23
"20240623","连续包季",4043,3965,78,78,0
"20240623","连续包年",62370,62278,92,92,0
"20240623","连续包年首年",18243,18243,0,0,0
"20240623","连续包月",68470,68688,-218,0,218
"20240623","连续包月首月",687,690,-3,0,3
"20240624","1个月会员",5151,5004,147,147,0
"20240624","1年会员",279,276,3,3,0
"20240624","2年会员",311,311,0,0,0
"20240624","一个月会员",370,524,-154,0,154
"20240624","一年会员",2669,2671,-2,0,2
"20240624","两年会员",2663,2663,0,0,0
"20240624","其他活动兑换",134,133,1,1,0
"20240624","抽奖兑换",505,500,5,5,0
"20240624","花瓣兑换",1014,1056,-42,0,42
"20240624","连续包季",4103,4043,60,60,0
"20240624","连续包年",62450,62370,80,80,0
"20240624","连续包年首年",18244,18243,1,1,0
"20240624","连续包月",68254,68470,-216,0,216
"20240624","连续包月首月",682,687,-5,0,5
"20240625","1个月会员",5315,5151,164,164,0
"20240625","1年会员",286,279,7,7,0
"20240625","2年会员",311,311,0,0,0
"20240625","一个月会员",222,370,-148,0,148
"20240625","一年会员",2667,2669,-2,0,2
"20240625","两年会员",2663,2663,0,0,0
"20240625","其他活动兑换",135,134,1,1,0
"20240625","抽奖兑换",496,505,-9,0,9
"20240625","花瓣兑换",1016,1014,2,2,0
"20240625","连续包季",4178,4103,75,75,0
"20240625","连续包年",62549,62450,99,99,0
"20240625","连续包年首年",18244,18244,0,0,0
"20240625","连续包月",68014,68254,-240,0,240
"20240625","连续包月首月",677,682,-5,0,5
"20240626","1个月会员",5480,5315,165,165,0
"20240626","1年会员",290,286,4,4,0
"20240626","2年会员",311,311,0,0,0
"20240626","一个月会员",76,222,-146,0,146
"20240626","一年会员",2665,2667,-2,0,2
"20240626","两年会员",2663,2663,0,0,0
"20240626","其他活动兑换",135,135,0,0,0
"20240626","抽奖兑换",497,496,1,1,0
"20240626","花瓣兑换",1025,1016,9,9,0
"20240626","连续包季",4244,4178,66,66,0
"20240626","连续包年",62619,62549,70,70,0
"20240626","连续包年首年",18246,18244,2,2,0
"20240626","连续包月",67789,68014,-225,0,225
"20240626","连续包月首月",673,677,-4,0,4
"20240627","1个月会员",5502,5480,22,22,0
"20240627","1年会员",293,290,3,3,0
"20240627","2年会员",312,311,1,1,0
"20240627","一个月会员",75,76,-1,0,1
"20240627","一年会员",2661,2665,-4,0,4
"20240627","两年会员",2663,2663,0,0,0
"20240627","其他活动兑换",134,135,-1,0,1
"20240627","抽奖兑换",487,497,-10,0,10
"20240627","花瓣兑换",1042,1025,17,17,0
"20240627","连续包季",4322,4244,78,78,0
"20240627","连续包年",62685,62619,66,66,0
"20240627","连续包年首年",18246,18246,0,0,0
"20240627","连续包月",67594,67789,-195,0,195
"20240627","连续包月首月",672,673,-1,0,1
"20240628","1个月会员",5491,5502,-11,0,11
"20240628","1年会员",306,293,13,13,0
"20240628","2年会员",355,312,43,43,0
"20240628","一个月会员",70,75,-5,0,5
"20240628","一年会员",2651,2661,-10,0,10
"20240628","两年会员",2663,2663,0,0,0
"20240628","其他活动兑换",133,134,-1,0,1
"20240628","抽奖兑换",479,487,-8,0,8
"20240628","花瓣兑换",1095,1042,53,53,0
"20240628","连续包季",4398,4322,76,76,0
"20240628","连续包年",62753,62685,68,68,0
"20240628","连续包年首年",18223,18246,-23,0,23
"20240628","连续包月",67356,67594,-238,0,238
"20240628","连续包月首月",670,672,-2,0,2
"20240629","1个月会员",5506,5491,15,15,0
"20240629","1年会员",334,306,28,28,0
"20240629","2年会员",385,355,30,30,0
"20240629","一个月会员",69,70,-1,0,1
"20240629","一年会员",2623,2651,-28,0,28
"20240629","两年会员",2663,2663,0,0,0
"20240629","其他活动兑换",133,133,0,0,0
"20240629","抽奖兑换",481,479,2,2,0
"20240629","花瓣兑换",1118,1095,23,23,0
"20240629","连续包季",4465,4398,67,67,0
"20240629","连续包年",62871,62753,118,118,0
"20240629","连续包年首年",18131,18223,-92,0,92
"20240629","连续包月",67158,67356,-198,0,198
"20240629","连续包月首月",669,670,-1,0,1
"20240630","1个月会员",5496,5506,-10,0,10
"20240630","1年会员",358,334,24,24,0
"20240630","2年会员",415,385,30,30,0
"20240630","一个月会员",68,69,-1,0,1
"20240630","一年会员",2601,2623,-22,0,22
"20240630","两年会员",2663,2663,0,0,0
"20240630","其他活动兑换",132,133,-1,0,1
"20240630","抽奖兑换",489,481,8,8,0
"20240630","花瓣兑换",1164,1118,46,46,0
"20240630","连续包季",4535,4465,70,70,0
"20240630","连续包年",63000,62871,129,129,0
"20240630","连续包年首年",18034,18131,-97,0,97
"20240630","连续包月",66910,67158,-248,0,248
"20240630","连续包月首月",665,669,-4,0,4
"20240701","1个月会员",5480,5496,-16,0,16
"20240701","1年会员",390,358,32,32,0
"20240701","2年会员",463,415,48,48,0
"20240701","一个月会员",63,68,-5,0,5
"20240701","一年会员",2581,2601,-20,0,20
"20240701","两年会员",2663,2663,0,0,0
"20240701","其他活动兑换",133,132,1,1,0
"20240701","抽奖兑换",489,489,0,0,0
"20240701","花瓣兑换",1258,1164,94,94,0
"20240701","连续包季",4631,4535,96,96,0
"20240701","连续包年",63177,63000,177,177,0
"20240701","连续包年首年",17899,18034,-135,0,135
"20240701","连续包月",66788,66910,-122,0,122
"20240701","连续包月首月",661,665,-4,0,4